20
3 3
3 4
3 3
2 4 4 2
3 11 3
2 5 1 8
2 2 2 3
2 1 1 3 1
4 4
3 2 1
3 3 1 1
1 1 1 1
2 2 2 1
1 1 2 1 1
1 1 3 1 1
3 5 1 1
2 3 2 1
1 1 1 2 2 2
3 3 6
13
4
6
2 1 2
2 1 2
1 2 1
1 4 2
10 4
3 2 5 2
2 1 1 3
2 1
2 1 1 3
3 2 5 2
10 5
1 4 1 4 1
2 2 1 4 2
2 1 2 5 3
2 2 1 4
7 8 2
5 3
2 7
--- SOLUTION ---
00011100000001110000
01110000000000111100
11100000000000001110
11000111101111000110
11101111111111101110
11011111010111111110
01100110000011000111
00110010000010011101
00011110000011110000
00000111000110000100
00000011101110010100
00000010000010010100
00000011000110110100
00000001000100110101
00000001000101110101
00000011101111100101
00000011000111001101
00000010101011011011
00000011101110111111
00000001111111111111
